wave flux stdev det sdir
      5.24749      1.73357    0.0233521       2       1
      5.27773      1.71058    0.0226206       2       1
      5.30797      1.70292    0.0133823       2       1
      5.33821      1.68105    0.0183707       2       1
      5.36846      1.63661    0.0185722       2       1
      5.39870      1.63036    0.0154521       2       1
      5.42894      1.61350    0.0171490       2       1
      5.45918      1.59630    0.0126648       2       1
      5.48942      1.57727    0.0145905       2       1
      5.51967      1.56127    0.0162074       2       1
      5.54991      1.54733    0.0118124       2       1
      5.58015      1.53504    0.0104161       2       1
      5.61039      1.51500    0.0166693       2       1
      5.64063      1.50889    0.0100294       2       1
      5.67088      1.49191   0.00934674       2       1
      5.70112      1.47913   0.00986457       2       1
      5.73136      1.46605    0.0107023       2       1
      5.76160      1.45687    0.0118909       2       1
      5.79184      1.43634    0.0119642       2       1
      5.82209      1.42988   0.00857262       2       1
      5.85233      1.41695   0.00676811       2       1
      5.88257      1.39795     0.374567       2       1
      5.91281      1.36188     0.472183       2       1
      5.94305      1.34555    0.0112815       2       1
      5.97330      1.34193    0.0107103       2       1
      6.00354      1.33810    0.0120585       2       1
      6.03378      1.32642    0.0137405       2       1
      6.06402      1.32081   0.00933927       2       1
      6.09426      1.31593    0.0152865       2       1
      6.12451      1.30351    0.0132662       2       1
      6.15475      1.28162    0.0168779       2       1
      6.18499      1.26529   0.00985869       2       1
      6.21523      1.26570   0.00945388       2       1
      6.24547      1.24494    0.0138975       2       1
      6.27572      1.21949    0.0124337       2       1
      6.30596      1.20818    0.0106367       2       1
      6.33620      1.20763    0.0103826       2       1
      6.36644      1.20431    0.0107366       2       1
      6.39668      1.18038   0.00643230       2       1
      6.42693      1.18130   0.00946925       2       1
      6.45717      1.18301    0.0109246       2       1
      6.48741      1.17563    0.0107584       2       1
      6.51765      1.15148   0.00798236       2       1
      6.54789      1.14049    0.0144628       2       1
      6.57814      1.14080    0.0113879       2       1
      6.60838      1.12916    0.0119155       2       1
      6.63862      1.11938    0.0134394       2       1
      6.66886      1.11884    0.0166065       2       1
      6.69910      1.09337    0.0112803       2       1
      6.72935      1.08404    0.0179103       2       1
      6.75959      1.06871    0.0119386       2       1
      6.78983      1.06057    0.0138276       2       1
      6.82007      1.05997   0.00987064       2       1
      6.85031      1.05200    0.0182143       2       1
      6.88056      1.05256    0.0152710       2       1
      6.91080      1.02298    0.0114133       2       1
      6.94104      1.02560    0.0127737       2       1
      6.97128      1.02363    0.0137192       2       1
      7.00152      1.00575    0.0159877       2       1
      7.03177      1.00623    0.0167150       2       1
      7.06201     0.993211    0.0132973       2       1
      7.09225     0.983407    0.0159922       2       1
      7.12249     0.974990   0.00968118       2       1
      7.15273     0.958293    0.0100018       2       1
      7.18298     0.953860    0.0116567       2       1
      7.21322     0.953568    0.0128906       2       1
      7.24346     0.943484    0.0108222       2       1
      7.27370     0.937620    0.0126168       2       1
      7.30394     0.927792    0.0131604       2       1
      7.33419     0.924770    0.0176896       2       1
      7.36443     0.921618    0.0136544       2       1
      7.39467     0.910210    0.0149158       2       1
      7.42491     0.889669    0.0114517       2       1
      7.45515     0.875081    0.0160214       2       1
      7.51564     0.872361   0.00956825       1       0
      7.57612     0.898613    0.0107305       1       0
      7.63660     0.879305    0.0157067       1       0
      7.69709     0.856890    0.0141643       1       0
      7.75757     0.846119    0.0108594       1       0
      7.81805     0.837322    0.0109298       1       0
      7.87854     0.828566    0.0100442       1       0
      7.93902     0.822657   0.00855043       1       0
      7.99951     0.804927   0.00965907       1       0
      8.05999     0.791087   0.00901341       1       0
      8.12047     0.778735   0.00743610       1       0
      8.18096     0.762706   0.00738835       1       0
      8.24144     0.755520   0.00763252       1       0
      8.30192     0.742741   0.00763414       1       0
      8.36241     0.733379   0.00626593       1       0
      8.42289     0.725845   0.00648515       1       0
      8.48337     0.717756   0.00720989       1       0
      8.54386     0.708393   0.00693168       1       0
      8.60434     0.699775   0.00884608       1       0
      8.66483     0.687213   0.00830894       1       0
      8.72531     0.672516    0.0109222       1       0
      8.78579     0.660099   0.00767250       1       0
      8.84628     0.665496   0.00985443       1       0
      8.90676     0.651841   0.00697066       1       0
      8.96724     0.640833   0.00933695       1       0
      9.02773     0.636026   0.00934668       1       0
      9.08821     0.630685   0.00925385       1       0
      9.14869     0.622822   0.00795787       1       0
      9.20918     0.615507   0.00759380       1       0
      9.26966     0.601306   0.00726111       1       0
      9.33015     0.592691   0.00824044       1       0
      9.39063     0.581349   0.00801797       1       0
      9.45111     0.584751   0.00677483       1       0
      9.51160     0.576112   0.00521991       1       0
      9.57208     0.571156   0.00646078       1       0
      9.63256     0.565519   0.00628026       1       0
      9.69305     0.552219   0.00686064       1       0
      9.75353     0.546489   0.00645447       1       0
      9.81401     0.536870   0.00600051       1       0
      9.87450     0.534788   0.00933919       1       0
      9.93498     0.532915   0.00573918       1       0
      9.99547     0.529226   0.00583502       1       0
      10.0560     0.518912   0.00533841       1       0
      10.1164     0.513762   0.00470245       1       0
      10.1769     0.506643   0.00409236       1       0
      10.2374     0.500181   0.00539671       1       0
      10.2979     0.497307   0.00442735       1       0
      10.3584     0.491962   0.00504289       1       0
      10.4188     0.489083   0.00539409       1       0
      10.4793     0.479960   0.00641239       1       0
      10.5398     0.471169   0.00524879       1       0
      10.6003     0.470223   0.00458401       1       0
      10.6608     0.463401   0.00747194       1       0
      10.7213     0.457619   0.00528281       1       0
      10.7817     0.451470   0.00533338       1       0
      10.8422     0.447271   0.00501314       1       0
      10.9027     0.440742   0.00506171       1       0
      10.9632     0.440522   0.00573715       1       0
      11.0237     0.431282   0.00750814       1       0
      11.0842     0.431853   0.00620700       1       0
      11.1447     0.430214   0.00755789       1       0
      11.2051     0.428793   0.00632901       1       0
      11.2656     0.417432   0.00760719       1       0
      11.3261     0.406193   0.00558757       1       0
      11.3866     0.408383   0.00564823       1       0
      11.4471     0.407780   0.00723642       1       0
      11.5076     0.400301   0.00566661       1       0
      11.5680     0.401048   0.00605715       1       0
      11.6285     0.396300   0.00685171       1       0
      11.6890     0.393645   0.00534221       1       0
      11.7495     0.394965   0.00722745       1       0
      11.8100     0.378484   0.00715440       1       0
      11.8705     0.383474   0.00550628       1       0
      11.9309     0.376758   0.00702062       1       0
      11.9914     0.371940   0.00770887       1       0
      12.0519     0.369161   0.00657378       1       0
      12.1124     0.363055   0.00566184       1       0
      12.1729     0.363742   0.00613512       1       0
      12.2334     0.357056   0.00699454       1       0
      12.2938     0.351555   0.00574372       1       0
      12.3543     0.346622   0.00636579       1       0
      12.4148     0.345108   0.00567403       1       0
      12.4753     0.338951   0.00532745       1       0
      12.5358     0.335559   0.00452495       1       0
      12.5963     0.334725   0.00492913       1       0
      12.6567     0.335234   0.00496976       1       0
      12.7172     0.329073   0.00643256       1       0
      12.7777     0.328004   0.00610216       1       0
      12.8382     0.326960   0.00588483       1       0
      12.8987     0.326404   0.00523863       1       0
      12.9592     0.318837   0.00610861       1       0
      13.0197     0.313502   0.00631540       1       0
      13.0801     0.312457   0.00501038       1       0
      13.1406     0.313071   0.00596157       1       0
      13.2011     0.312250   0.00780185       1       0
      13.2616     0.312451   0.00752732       1       0
      13.3221     0.312355   0.00601745       1       0
      13.3826     0.299521   0.00723498       1       0
      13.4430     0.301596   0.00687385       1       0
      13.5035     0.294504   0.00688994       1       0
      13.5640     0.295550   0.00909545       1       0
      13.6245     0.294354   0.00650647       1       0
      13.6850     0.288773   0.00750791       1       0
      13.7455     0.291621   0.00746711       1       0
      13.8059     0.287194   0.00933051       1       0
      13.8664     0.292040   0.00969588       1       0
      13.9269     0.289075   0.00763008       1       0
      13.9874     0.285160    0.0101334       1       0
      14.0479     0.285211   0.00871772       1       0
      14.1540     0.284023    0.0118035       2       3
      14.2387     0.284197   0.00864520       2       3
      14.3234     0.285367   0.00641420       2       3
      14.4081     0.277694   0.00619797       2       3
      14.4927     0.278359   0.00753617       2       3
      14.5774     0.281708   0.00735855       2       3
      14.6621     0.275024   0.00702394       2       3
      14.7468     0.264700   0.00922982       2       3
      14.8315     0.260567   0.00762591       2       3
      14.9161     0.267196   0.00661515       2       3
      15.0008     0.259543   0.00871891       2       3
      15.0855     0.257387   0.00761690       2       3
      15.1701     0.253842   0.00750122       2       3
      15.2548     0.252979   0.00637617       2       3
      15.3395     0.250515   0.00670187       2       3
      15.4242     0.250051   0.00478006       2       3
      15.5089     0.248165   0.00726194       2       3
      15.5935     0.239213   0.00667231       2       3
      15.6782     0.236836   0.00564272       2       3
      15.7629     0.235298   0.00444780       2       3
      15.8476     0.234214   0.00707730       2       3
      15.9322     0.235684    0.0303605       2       3
      16.0169     0.246785    0.0223610       2       3
      16.1016     0.231851   0.00718434       2       3
      16.1863     0.234044   0.00818134       2       3
      16.2710     0.232238   0.00778261       2       3
      16.3556     0.221539   0.00938522       2       3
      16.4403     0.220068   0.00918758       2       3
      16.5250     0.217039   0.00814245       2       3
      16.6097     0.213745   0.00622505       2       3
      16.6943     0.214828   0.00609829       2       3
      16.7790     0.216342   0.00600751       2       3
      16.8637     0.211237   0.00724541       2       3
      16.9484     0.214473   0.00833324       2       3
      17.0330     0.198689    0.0106443       2       3
      17.1177     0.214225    0.0105434       2       3
      17.2024     0.208851   0.00864314       2       3
      17.2871     0.204003   0.00869782       2       3
      17.3717     0.209189   0.00885782       2       3
      17.4564     0.203802   0.00717541       2       3
      17.5411     0.208250   0.00811393       2       3
      17.6258     0.207081   0.00802291       2       3
      17.7105     0.206921   0.00851535       2       3
      17.7951     0.204134   0.00949281       2       3
      17.8798     0.202276   0.00802221       2       3
      17.9645     0.206075   0.00817762       2       3
      18.0492     0.206532   0.00989696       2       3
      18.1338     0.195065   0.00876399       2       3
      18.2185     0.193359    0.0132734       2       3
      18.3032     0.191582    0.0111394       2       3
      18.3879     0.190330    0.0106346       2       3
      18.4725     0.200961    0.0109095       2       3
      18.5572     0.186467   0.00949804       2       3
      18.6419     0.178599    0.0125646       2       3
      18.7266     0.185504    0.0119739       2       3
      18.8113     0.181983    0.0103985       2       3
      18.8959     0.180821    0.0113513       2       3
      18.9806     0.185278   0.00979475       2       3
      19.0653     0.185167   0.00916183       2       3
      19.1500     0.188815   0.00781989       2       3
      19.2346     0.177505    0.0140609       2       3
      19.3193     0.184366    0.0159583       2       3
      19.4040     0.164629    0.0130928       2       3
      19.4887     0.195145    0.0157914       2       3
      19.5734     0.202060    0.0116607       2       3
      19.6580     0.196370    0.0101484       2       3
      19.7427     0.187836    0.0117465       2       3
      19.8274     0.163148    0.0121015       2       3
      19.9121     0.180856    0.0130492       2       3
      19.9967     0.177898    0.0190621       2       3
      20.0814     0.165849    0.0265571       2       3
      20.1661     0.173216    0.0179336       2       3
      20.2508     0.174430    0.0149042       2       3
      20.3354     0.166968   0.00994559       2       3
      20.4201     0.171638    0.0170912       2       3
      20.5048     0.148135    0.0165409       2       3
      20.5895     0.159061    0.0231513       2       3
      20.7588     0.170474   0.00485858       1       2
      20.9282     0.162892   0.00385899       1       2
      21.0975     0.165222   0.00405669       1       2
      21.2669     0.160726   0.00487160       1       2
      21.4362     0.162936   0.00413155       1       2
      21.6056     0.161083   0.00401736       1       2
      21.7750     0.161197   0.00408403       1       2
      21.9443     0.157946   0.00472546       1       2
      22.1137     0.151625   0.00385731       1       2
      22.2830     0.160150   0.00586749       1       2
      22.4524     0.156895   0.00385621       1       2
      22.6217     0.156141   0.00374296       1       2
      22.7911     0.151439   0.00303493       1       2
      22.9604     0.151376   0.00268455       1       2
      23.1298     0.152809   0.00311808       1       2
      23.2991     0.154990   0.00338752       1       2
      23.4685     0.155737   0.00283768       1       2
      23.6378     0.153405   0.00282570       1       2
      23.8072     0.151272   0.00265177       1       2
      23.9765     0.150387   0.00236338       1       2
      24.1459     0.151730   0.00270538       1       2
      24.3153     0.149421   0.00275648       1       2
      24.4846     0.147466   0.00265598       1       2
      24.6540     0.152731   0.00286347       1       2
      24.8233     0.152602   0.00325747       1       2
      24.9927     0.147512   0.00350357       1       2
      25.1620     0.148010   0.00356409       1       2
      25.3314     0.152640   0.00347937       1       2
      25.5007     0.144901   0.00410169       1       2
      25.6701     0.151727   0.00411689       1       2
      25.8394     0.150093   0.00328585       1       2
      26.0088     0.151100   0.00329383       1       2
      26.1782     0.148002   0.00346014       1       2
      26.3475     0.148278   0.00293002       1       2
      26.5168     0.149042   0.00274725       1       2
      26.6862     0.150000   0.00265985       1       2
      26.8556     0.154221   0.00292001       1       2
      27.0249     0.155337   0.00288596       1       2
      27.1943     0.153035   0.00335802       1       2
      27.3636     0.149334   0.00308101       1       2
      27.5330     0.152902   0.00292154       1       2
      27.7023     0.152741   0.00327724       1       2
      27.8717     0.155688    0.0145282       1       2
      28.0410     0.155713    0.0145282       1       2
      28.2104     0.157948   0.00603070       1       2
      28.3797     0.158073   0.00428011       1       2
      28.5491     0.155182   0.00384642       1       2
      28.7185     0.158155   0.00382847       1       2
      28.8878     0.157194   0.00360003       1       2
      29.0572     0.157914   0.00369785       1       2
      29.2265     0.156043   0.00399070       1       2
      29.3959     0.152090   0.00381436       1       2
      29.5652     0.153089   0.00437010       1       2
      29.7346     0.158882   0.00661776       1       2
      29.9039     0.161146   0.00373937       1       2
      30.0733     0.159351   0.00376328       1       2
      30.2426     0.161061   0.00388679       1       2
      30.4120     0.164249   0.00494158       1       2
      30.5813     0.159865   0.00474502       1       2
      30.7507     0.165512   0.00544322       1       2
      30.9200     0.168009   0.00591166       1       2
      31.0894     0.166341   0.00570028       1       2
      31.2588     0.164201   0.00564985       1       2
      31.4281     0.166993   0.00483364       1       2
      31.5975     0.171232   0.00548540       1       2
      31.7668     0.169545   0.00543819       1       2
      31.9362     0.168793   0.00582569       1       2
      32.1055     0.167561   0.00601037       1       2
      32.2749     0.164104   0.00619136       1       2
      32.4442     0.164262   0.00743545       1       2
      32.6136     0.177101   0.00825774       1       2
      32.7829     0.164620   0.00793123       1       2
      32.9523     0.165846   0.00838141       1       2
      33.1217     0.177065   0.00843171       1       2
      33.2910     0.181674   0.00927574       1       2
      33.4604     0.190540   0.00892709       1       2
      33.6297     0.193157   0.00924351       1       2
      33.7991     0.170952    0.0100255       1       2
      33.9684     0.171798    0.0113993       1       2
      34.1378     0.171135    0.0107609       1       2
      34.3071     0.162044    0.0112158       1       2
      34.4765     0.170214    0.0121099       1       2
      34.6458     0.179253    0.0133623       1       2
      34.8152     0.178888    0.0412732       1       2
      34.9845     0.187647    0.0141464       1       2
      70.0        0.2573      0.0029          0       0
      100.0       0.1746      0.0039          0       0
      160.0       0.0469      0.0087          0       0
