wave flux stdev det sdir
      5.24749     0.458186    0.0107562       2       1
      5.27773     0.452666    0.0117619       2       1
      5.30797     0.442912    0.0108293       2       1
      5.33821     0.426493    0.0113388       2       1
      5.36846     0.430076   0.00649634       2       1
      5.39870     0.425618   0.00893051       2       1
      5.42894     0.420246   0.00920054       2       1
      5.45918     0.412040   0.00902353       2       1
      5.48942     0.406416   0.00788601       2       1
      5.51967     0.398921   0.00809420       2       1
      5.54991     0.398065   0.00677116       2       1
      5.58015     0.401928   0.00669370       2       1
      5.61039     0.392578   0.00909946       2       1
      5.64063     0.393515   0.00587129       2       1
      5.67088     0.388382   0.00757009       2       1
      5.70112     0.379067   0.00751961       2       1
      5.73136     0.382585    0.0102501       2       1
      5.76160     0.383960   0.00649559       2       1
      5.79184     0.371043   0.00636937       2       1
      5.82209     0.371593   0.00975847       2       1
      5.85233     0.370149   0.00826844       2       1
      5.88257     0.360835    0.0105079       2       1
      5.91281     0.360388   0.00843275       2       1
      5.94305     0.352123   0.00820553       2       1
      5.97330     0.345295   0.00773315       2       1
      6.00354     0.345873   0.00764138       2       1
      6.03378     0.345113   0.00838475       2       1
      6.06402     0.341244    0.0100453       2       1
      6.09426     0.339247   0.00907833       2       1
      6.12451     0.334184   0.00683281       2       1
      6.15475     0.334168   0.00866300       2       1
      6.18499     0.330914   0.00957721       2       1
      6.21523     0.326752    0.0108668       2       1
      6.24547     0.327569   0.00873328       2       1
      6.27572     0.319743   0.00711385       2       1
      6.30596     0.317532   0.00789220       2       1
      6.33620     0.310221   0.00853474       2       1
      6.36644     0.311626   0.00679747       2       1
      6.39668     0.314911   0.00902611       2       1
      6.42693     0.309597   0.00875160       2       1
      6.45717     0.300378   0.00781378       2       1
      6.48741     0.304144   0.00894038       2       1
      6.51765     0.303097   0.00807374       2       1
      6.54789     0.303138   0.00606109       2       1
      6.57814     0.302815   0.00666845       2       1
      6.60838     0.299022   0.00892489       2       1
      6.63862     0.287563   0.00723898       2       1
      6.66886     0.291547    0.0101613       2       1
      6.69910     0.284169   0.00750721       2       1
      6.72935     0.284308    0.0111558       2       1
      6.75959     0.274222    0.0114575       2       1
      6.78983     0.271987    0.0103292       2       1
      6.82007     0.279608    0.0107866       2       1
      6.85031     0.277364    0.0111698       2       1
      6.88056     0.278201    0.0106136       2       1
      6.91080     0.263730   0.00794986       2       1
      6.94104     0.265610   0.00970678       2       1
      6.97128     0.262615    0.0106324       2       1
      7.00152     0.262592    0.0127779       2       1
      7.03177     0.264329    0.0125252       2       1
      7.06201     0.263297    0.0107632       2       1
      7.09225     0.265792   0.00951123       2       1
      7.12249     0.265141   0.00951635       2       1
      7.15273     0.253941   0.00872844       2       1
      7.18298     0.257472   0.00808946       2       1
      7.21322     0.250574   0.00986446       2       1
      7.24346     0.255772   0.00813045       2       1
      7.27370     0.251629    0.0156028       2       1
      7.30394     0.244859    0.0107610       2       1
      7.33419     0.239549    0.0106193       2       1
      7.36443     0.242297    0.0110971       2       1
      7.39467     0.241483   0.00871917       2       1
      7.42491     0.238932   0.00887194       2       1
      7.45515     0.231583    0.0102857       2       1
      7.51564     0.230255   0.00895970       1       0
      7.57612     0.233918   0.00831773       1       0
      7.63660     0.221358   0.00870315       1       0
      7.69709     0.220543   0.00714631       1       0
      7.75757     0.223475   0.00555234       1       0
      7.81805     0.227922   0.00623719       1       0
      7.87854     0.219239   0.00689248       1       0
      7.93902     0.211756   0.00609663       1       0
      7.99951     0.210691   0.00635150       1       0
      8.05999     0.204630   0.00586494       1       0
      8.12047     0.200862   0.00594474       1       0
      8.18096     0.202379   0.00611175       1       0
      8.24144     0.191427   0.00606021       1       0
      8.30192     0.191335   0.00693332       1       0
      8.36241     0.190354   0.00436518       1       0
      8.42289     0.190248   0.00307510       1       0
      8.48337     0.191801   0.00372582       1       0
      8.54386     0.188765   0.00552891       1       0
      8.60434     0.182005   0.00582718       1       0
      8.66483     0.179806   0.00385712       1       0
      8.72531     0.179669   0.00498601       1       0
      8.78579     0.175052   0.00776483       1       0
      8.84628     0.172756   0.00574910       1       0
      8.90676     0.170407   0.00501040       1       0
      8.96724     0.165963   0.00585178       1       0
      9.02773     0.166465   0.00400230       1       0
      9.08821     0.164250   0.00472061       1       0
      9.14869     0.165073   0.00491964       1       0
      9.20918     0.162582   0.00867438       1       0
      9.26966     0.163098   0.00464587       1       0
      9.33015     0.161550   0.00543562       1       0
      9.39063     0.156753   0.00507976       1       0
      9.45111     0.162949   0.00571763       1       0
      9.51160     0.151478   0.00538604       1       0
      9.57208     0.154198   0.00506228       1       0
      9.63256     0.145070   0.00531307       1       0
      9.69305     0.145531   0.00443738       1       0
      9.75353     0.142211   0.00417476       1       0
      9.81401     0.143364   0.00398667       1       0
      9.87450     0.142157   0.00480564       1       0
      9.93498     0.140170   0.00525848       1       0
      9.99547     0.139089   0.00401071       1       0
      10.0560     0.141407    0.0379481       1       0
      10.1164     0.139337    0.0107087       1       0
      10.1769     0.135135   0.00424697       1       0
      10.2374     0.134006   0.00453193       1       0
      10.2979     0.131086   0.00400938       1       0
      10.3584     0.133732   0.00342247       1       0
      10.4188     0.133417   0.00314732       1       0
      10.4793     0.133462   0.00340501       1       0
      10.5398     0.128845   0.00407631       1       0
      10.6003     0.127855   0.00416075       1       0
      10.6608     0.124094   0.00379536       1       0
      10.7213     0.120132   0.00517689       1       0
      10.7817     0.122054   0.00573862       1       0
      10.8422     0.122288   0.00557059       1       0
      10.9027     0.119555   0.00523373       1       0
      10.9632     0.122472   0.00565212       1       0
      11.0237     0.115681   0.00409935       1       0
      11.0842     0.118248   0.00455200       1       0
      11.1447     0.113674   0.00476404       1       0
      11.2051     0.116674   0.00498527       1       0
      11.2656     0.110900   0.00501821       1       0
      11.3261     0.114312   0.00612584       1       0
      11.3866     0.113513   0.00565674       1       0
      11.4471     0.115760   0.00567045       1       0
      11.5076     0.110216   0.00465791       1       0
      11.5680     0.104416   0.00389597       1       0
      11.6285     0.107965   0.00614290       1       0
      11.6890     0.109618   0.00615565       1       0
      11.7495     0.102081   0.00503805       1       0
      11.8100     0.107809   0.00714703       1       0
      11.8705     0.105576   0.00490964       1       0
      11.9309     0.104497   0.00583644       1       0
      11.9914     0.103971   0.00638960       1       0
      12.0519    0.0954655   0.00512751       1       0
      12.1124    0.0958165   0.00512601       1       0
      12.1729    0.0974105   0.00509484       1       0
      12.2334    0.0937795   0.00557178       1       0
      12.2938    0.0977675   0.00544761       1       0
      12.3543    0.0956370   0.00573925       1       0
      12.4148    0.0961005   0.00683658       1       0
      12.4753    0.0953545   0.00498854       1       0
      12.5358    0.0924350   0.00431042       1       0
      12.5963    0.0906660   0.00570208       1       0
      12.6567    0.0965960   0.00545490       1       0
      12.7172    0.0937185   0.00516640       1       0
      12.7777    0.0977925   0.00531188       1       0
      12.8382    0.0955240   0.00472994       1       0
      12.8987    0.0927535   0.00569451       1       0
      12.9592    0.0917005   0.00431541       1       0
      13.0197    0.0904715   0.00461646       1       0
      13.0801    0.0905900   0.00537192       1       0
      13.1406    0.0934525   0.00619035       1       0
      13.2011    0.0902520   0.00486705       1       0
      13.2616    0.0889670   0.00579801       1       0
      13.3221    0.0865645   0.00445026       1       0
      13.3826    0.0837330   0.00654454       1       0
      13.4430    0.0881165    0.0103411       1       0
      13.5035    0.0947125   0.00709750       1       0
      13.5640    0.0868100   0.00664204       1       0
      13.6245    0.0892140   0.00701888       1       0
      13.6850    0.0864035   0.00705314       1       0
      13.7455    0.0830075   0.00597055       1       0
      13.8059    0.0911300   0.00690566       1       0
      13.8664    0.0853250   0.00792023       1       0
      13.9269    0.0773150   0.00771959       1       0
      13.9874    0.0812305   0.00863589       1       0
      14.0479    0.0802640   0.00873690       1       0
      14.1540    0.0730440   0.00582787       2       3
      14.2387    0.0824660   0.00360290       2       3
      14.3234    0.0809875   0.00322186       2       3
      14.4081    0.0765400   0.00336678       2       3
      14.4927    0.0758135   0.00312194       2       3
      14.5774    0.0781455   0.00330739       2       3
      14.6621    0.0773955   0.00451100       2       3
      14.7468    0.0728705   0.00346853       2       3
      14.8315    0.0717370   0.00319236       2       3
      14.9161    0.0754585   0.00332701       2       3
      15.0008    0.0760805   0.00408052       2       3
      15.0855    0.0729095   0.00377121       2       3
      15.1701    0.0703185   0.00391748       2       3
      15.2548    0.0740360   0.00310672       2       3
      15.3395    0.0738995   0.00312727       2       3
      15.4242    0.0703765   0.00312273       2       3
      15.5089    0.0682900   0.00281630       2       3
      15.5935    0.0674685   0.00316032       2       3
      15.6782    0.0671475   0.00316756       2       3
      15.7629    0.0700550   0.00308225       2       3
      15.8476    0.0694985   0.00392025       2       3
      15.9322    0.0667810   0.00370633       2       3
      16.0169    0.0703760   0.00409628       2       3
      16.1016    0.0696595   0.00452436       2       3
      16.1863    0.0689805   0.00477768       2       3
      16.2710    0.0715190   0.00448060       2       3
      16.3556    0.0711415   0.00471814       2       3
      16.4403    0.0635820   0.00455928       2       3
      16.5250    0.0672315   0.00407879       2       3
      16.6097    0.0649745   0.00351070       2       3
      16.6943    0.0692175   0.00353241       2       3
      16.7790    0.0706260   0.00404861       2       3
      16.8637    0.0649405   0.00560014       2       3
      16.9484    0.0650620   0.00551201       2       3
      17.0330    0.0640755   0.00470193       2       3
      17.1177    0.0597990   0.00446296       2       3
      17.2024    0.0647040   0.00537695       2       3
      17.2871    0.0665430   0.00409689       2       3
      17.3717    0.0631955   0.00403558       2       3
      17.4564    0.0616040   0.00416470       2       3
      17.5411    0.0581500   0.00324235       2       3
      17.6258    0.0601505   0.00346369       2       3
      17.7105    0.0618325   0.00355117       2       3
      17.7951    0.0574150   0.00392068       2       3
      17.8798    0.0568515   0.00443934       2       3
      17.9645    0.0608440   0.00453459       2       3
      18.0492    0.0627160   0.00516339       2       3
      18.1338    0.0592280   0.00491682       2       3
      18.2185    0.0596910   0.00446160       2       3
      18.3032    0.0590110   0.00643834       2       3
      18.3879    0.0627715   0.00629907       2       3
      18.4725    0.0556355   0.00567257       2       3
      18.5572    0.0562515   0.00546578       2       3
      18.6419    0.0545485   0.00490559       2       3
      18.7266    0.0606445   0.00498785       2       3
      18.8113    0.0586200   0.00440016       2       3
      18.8959    0.0593695   0.00466922       2       3
      18.9806    0.0572270   0.00551923       2       3
      19.0653    0.0575625   0.00647785       2       3
      19.1500    0.0590035   0.00580712       2       3
      19.2346    0.0497915   0.00685759       2       3
      19.3193    0.0507610   0.00902701       2       3
      19.4040    0.0471805    0.0111710       2       3
      19.4887    0.0488540   0.00743007       2       3
      19.5734    0.0432550   0.00889741       2       3
      19.6580    0.0529105   0.00885785       2       3
      19.7427    0.0560865    0.0107589       2       3
      19.8274    0.0619685    0.0145452       2       3
      19.9121    0.0540945   0.00905450       2       3
      19.9967    0.0592655   0.00670337       2       3
      20.0814    0.0569375   0.00726481       2       3
      20.1661    0.0535740   0.00750687       2       3
      20.2508    0.0567955   0.00802213       2       3
      20.3354    0.0511850    0.0115212       2       3
      20.4201    0.0514265   0.00240204       1       2
      20.5895    0.0516040   0.00204654       1       2
      20.7588    0.0509470   0.00190822       1       2
      20.9282    0.0512825   0.00165915       1       2
      21.0975    0.0512920   0.00145645       1       2
      21.2669    0.0510745   0.00185116       1       2
      21.4362    0.0490105   0.00177182       1       2
      21.6056    0.0501105   0.00158388       1       2
      21.7750    0.0502205   0.00193245       1       2
      21.9443    0.0508480   0.00201377       1       2
      22.1137    0.0514170   0.00143755       1       2
      22.2830    0.0497505   0.00199817       1       2
      22.4524    0.0470510   0.00159834       1       2
      22.6217    0.0485180   0.00160253       1       2
      22.7911    0.0496805   0.00135690       1       2
      22.9604    0.0481260   0.00111701       1       2
      23.1298    0.0475980   0.00139127       1       2
      23.2991    0.0471460   0.00127270       1       2
      23.4685    0.0483145   0.00127166       1       2
      23.6378    0.0475970   0.00105377       1       2
      23.8072    0.0482950   0.00109661       1       2
      23.9765    0.0475740   0.00109181       1       2
      24.1459    0.0464440   0.00111246       1       2
      24.3153    0.0469300   0.00106101       1       2
      24.4846    0.0481585   0.00105286       1       2
      24.6540    0.0475925   0.00105413       1       2
      24.8233    0.0476085   0.00122973       1       2
      24.9927    0.0486955   0.00145781       1       2
      25.1620    0.0456480   0.00143027       1       2
      25.3314    0.0465935   0.00141762       1       2
      25.5007    0.0461865   0.00133728       1       2
      25.6701    0.0474590   0.00142210       1       2
      25.8394    0.0490085   0.00149536       1       2
      26.0088    0.0479775   0.00153212       1       2
      26.1782    0.0459450   0.00138480       1       2
      26.3475    0.0457125   0.00115117       1       2
      26.5168    0.0469630   0.00110269       1       2
      26.6862    0.0471205   0.00115545       1       2
      26.8556    0.0472715   0.00120282       1       2
      27.0249    0.0472795   0.00123968       1       2
      27.1943    0.0474285   0.00134608       1       2
      27.3636    0.0471205   0.00124966       1       2
      27.5330    0.0471100   0.00127394       1       2
      27.7023    0.0465905   0.00124570       1       2
      27.8717    0.0471615   0.00150941       1       2
      28.0410    0.0480150   0.00167114       1       2
      28.2104    0.0470685   0.00201060       1       2
      28.3797    0.0475495   0.00178498       1       2
      28.5491    0.0457045   0.00159219       1       2
      28.7185    0.0471760   0.00145391       1       2
      28.8878    0.0491720   0.00141001       1       2
      29.0572    0.0482785   0.00150920       1       2
      29.2265    0.0463035   0.00158685       1       2
      29.3959    0.0458630   0.00161987       1       2
      29.5652    0.0480975   0.00200339       1       2
      29.7346    0.0499650   0.00305931       1       2
      29.9039    0.0473260   0.00165331       1       2
      30.0733    0.0467700   0.00163547       1       2
      30.2426    0.0506195   0.00169357       1       2
      30.4120    0.0487080   0.00218853       1       2
      30.5813    0.0486470   0.00211668       1       2
      30.7507    0.0516040   0.00232471       1       2
      30.9200    0.0520680   0.00228891       1       2
      31.0894    0.0480240   0.00243036       1       2
      31.2588    0.0488635   0.00241510       1       2
      31.4281    0.0517115   0.00226439       1       2
      31.5975    0.0487885   0.00238179       1       2
      31.7668    0.0491310   0.00228092       1       2
      31.9362    0.0483735   0.00236688       1       2
      32.1055    0.0474850   0.00255421       1       2
      32.2749    0.0500120   0.00283628       1       2
      32.4442    0.0495010   0.00340855       1       2
      32.6136    0.0499920   0.00352224       1       2
      32.7829    0.0461905   0.00371561       1       2
      32.9523    0.0419765   0.00333395       1       2
      33.1217    0.0555360   0.00345563       1       2
      33.2910    0.0565985   0.00397386       1       2
      33.4604    0.0591785   0.00400220       1       2
      33.6297    0.0552945   0.00433518       1       2
      33.7991    0.0517045   0.00432108       1       2
      33.9684    0.0553280   0.00449293       1       2
      34.1378    0.0583210   0.00506904       1       2
      34.3071    0.0549760   0.00521728       1       2
      34.4765    0.0445265   0.00541473       1       2
      34.6458    0.0541000   0.00659805       1       2
      34.8152    0.0538125   0.00636726       1       2
      34.9845    0.0506170   0.00662549       1       2
      100.0      0.0609      0.0024           0       0
      160.0      0.0329      0.0055           0       0