wave_um excessflux_jy stdev
      10.0560     0.152130    0.0017259229
      10.1164     0.151382    0.0016972690
      10.1769     0.149494    0.0017923978
      10.2374     0.149015    0.0017015581
      10.2979     0.148706    0.0017790003
      10.3584     0.146234    0.0017887361
      10.4188     0.143562    0.0021083702
      10.4793     0.140855    0.0020258513
      10.5398     0.138842    0.0018573704
      10.6003     0.138515    0.0020047524
      10.6608     0.138881    0.0021882132
      10.7213     0.135755    0.0020986521
      10.7817     0.133007    0.0022607532
      10.8422     0.133367    0.0019226784
      10.9027     0.131924    0.0023888845
      10.9632     0.130311    0.0024169479
      11.0237     0.129265    0.0020265679
      11.0842     0.127106    0.0020799462
      11.1447     0.125121    0.0020344229
      11.2051     0.125246    0.0023186211
      11.2656     0.122089    0.0019411322
      11.3261     0.122046    0.0020046479
      11.3866     0.121254    0.0019438429
      11.4471     0.120056    0.0023067736
      11.5076     0.119761    0.0021171598
      11.5680     0.117899    0.0025439067
      11.6285     0.121011    0.0024030823
      11.6890     0.117223    0.0024331931
      11.7495     0.114942    0.0025227324
      11.8100     0.115940    0.0022142001
      11.8705     0.115861    0.0025914123
      11.9309     0.112642    0.0023898156
      11.9914     0.111760    0.0022968487
      12.0519     0.110718    0.0020780917
      12.1124     0.109744    0.0023062003
      12.1729     0.107976    0.0019614978
      12.2334     0.107343    0.0021351406
      12.2938     0.104207    0.0022086496
      12.3543     0.103754    0.0025128669
      12.4148     0.104262    0.0023961377
      12.4753     0.103808    0.0024225228
      12.5358     0.101865    0.0021677697
      12.5963     0.103045    0.0021392009
      12.6567     0.101947    0.0021234355
      12.7172    0.0985779    0.0020357880
      12.7777    0.0991594    0.0022539077
      12.8382    0.0996469    0.0022176332
      12.8987    0.0973850    0.0023835294
      12.9592    0.0965801    0.0025842218
      13.0197    0.0966336    0.0023742158
      13.0801    0.0947949    0.0026190192
      13.1406    0.0946075    0.0027366069
      13.2011    0.0939731    0.0028855077
      13.2616    0.0940773    0.0025734089
      13.3221    0.0923232    0.0025196627
      13.3826    0.0920005    0.0026327453
      13.4430    0.0898017    0.0027407825
      13.5035    0.0927243    0.0033697062
      13.5640    0.0899294    0.0038033670
      13.6245    0.0894133    0.0030208358
      13.6850    0.0888685    0.0028594350
      13.7455    0.0903211    0.0030649074
      13.8059    0.0896396    0.0030538507
      13.8664    0.0894320    0.0033080603
      13.9269    0.0863535    0.0033420385
      13.9874    0.0887295    0.0036764527
      14.0479    0.0858562    0.0034660092
      14.1540    0.0791328    0.0048359390
      14.2387    0.0870748    0.0020241721
      14.3234    0.0872331    0.0015163315
      14.4081    0.0866713    0.0015544163
      14.4927    0.0874076    0.0015360159
      14.5774    0.0877131    0.0015243215
      14.6621    0.0869961    0.0017923777
      14.7468    0.0854252    0.0019903793
      14.8315    0.0818130    0.0019621125
      14.9161    0.0791887    0.0018851472
      15.0008    0.0797183    0.0018271818
      15.0855    0.0808978    0.0016185750
      15.1701    0.0816430    0.0015529926
      15.2548    0.0813818    0.0016862603
      15.3395    0.0797760    0.0015942202
      15.4242    0.0780137    0.0015255599
      15.5089    0.0737475    0.0022363195
      15.5935    0.0721306    0.0030748420
      15.6782    0.0769559    0.0014886034
      15.7629    0.0759638    0.0014161984
      15.8476    0.0746041    0.0018448768
      15.9322    0.0764948    0.0019699414
      16.0169    0.0763963    0.0019465789
      16.1016    0.0749476    0.0022757452
      16.1863    0.0732054    0.0023796959
      16.2710    0.0737095    0.0022898230
      16.3556    0.0699993    0.0022606379
      16.4403    0.0706488    0.0021107586
      16.5250    0.0701814    0.0015681037
      16.6097    0.0706568    0.0016100835
      16.6943    0.0703003    0.0018994455
      16.7790    0.0689509    0.0018593181
      16.8637    0.0690600    0.0020409958
      16.9484    0.0670097    0.0020966127
      17.0330    0.0670902    0.0019479879
      17.1177    0.0660395    0.0021872660
      17.2024    0.0669828    0.0022203317
      17.2871    0.0659076    0.0020474861
      17.3717    0.0659062    0.0026624820
      17.4564    0.0648287    0.0021850057
      17.5411    0.0660570    0.0018943811
      17.6258    0.0641583    0.0018213812
      17.7105    0.0636036    0.0019068072
      17.7951    0.0642397    0.0020671028
      17.8798    0.0630664    0.0020895905
      17.9645    0.0628862    0.0029212367
      18.0492    0.0648864    0.0023090078
      18.1338    0.0659147    0.0022896922
      18.2185    0.0626679    0.0023407189
      18.3032    0.0607075    0.0027883479
      18.3879    0.0658033    0.0029031406
      18.4725    0.0635061    0.0028105581
      18.5572    0.0615765    0.0026790865
      18.6419    0.0623078    0.0026802854
      18.7266    0.0615877    0.0024890006
      18.8113    0.0652626    0.0025749861
      18.8959    0.0659434    0.0025328626
      18.9806    0.0592654    0.0027238373
      19.0653    0.0598657    0.0031525241
      19.1500    0.0592851    0.0031510724
      19.2346    0.0600907    0.0040347683
      19.3193    0.0613940    0.0042613298
      19.4040    0.0647397    0.0058685606
      19.4887    0.0596550    0.0045199883
      19.5734    0.0605612    0.0043066898
      19.6580    0.0619084    0.0042584650
      19.7427    0.0607423    0.0040163649
      19.8274    0.0555203    0.0044647157
      19.9121    0.0569310    0.0037164220
      19.9967    0.0586580    0.0061561572
      20.0814    0.0557757     0.010990512
      20.1661    0.0591737    0.0040789503
      20.2508    0.0590234    0.0039785150
      20.3354    0.0562315    0.0048488998
      20.4201    0.0542778    0.0091904774
      20.5048    0.0561483    0.0050780834
      20.5895    0.0540273    0.0055545205
      20.7588    0.0577666    0.0029677914
      20.9282    0.0607177    0.0024214673
      21.0975    0.0583449    0.0022750495
      21.2669    0.0554908    0.0032081599
      21.4362    0.0594126    0.0028898874
      21.6056    0.0584791    0.0024768126
      21.7750    0.0578372    0.0028805137
      21.9443    0.0581629    0.0028258669
      22.1137    0.0585703    0.0021093991
      22.2830    0.0568322    0.0024046057
      22.4524    0.0561125    0.0023312115
      22.6217    0.0548592    0.0024731557
      22.7911    0.0563787    0.0020735385
      22.9604    0.0565236    0.0015443811
      23.1298    0.0567342    0.0016848940
      23.2991    0.0566305     0.034702662
      23.4685    0.0561112     0.010062004
      23.6378    0.0569744    0.0016083587
      23.8072    0.0586182    0.0013700876
      23.9765    0.0555217    0.0014733608
      24.1459    0.0558777    0.0016222071
      24.3153    0.0542876    0.0068421895
      24.4846    0.0523196    0.0081096664
      24.6540    0.0581222    0.0015854466
      24.8233    0.0575309    0.0019703817
      24.9927    0.0594542    0.0021756995
      25.1620    0.0595521    0.0021160049
      25.3314    0.0602687    0.0025735567
      25.5007    0.0550668    0.0029550702
      25.6701    0.0594904    0.0019346570
      25.8394    0.0627609    0.0023764111
      26.0088    0.0599685    0.0022456199
      26.1782    0.0629640    0.0027552452
      26.3475    0.0626402    0.0020951719
      26.5168    0.0604418    0.0016633611
      26.6862    0.0625811    0.0018128025
      26.8556    0.0607687    0.0017515790
      27.0249    0.0599583    0.0019315904
      27.1943    0.0603662    0.0019544617
      27.3636    0.0620699    0.0018960723
      27.5330    0.0624277    0.0017785458
      27.7023    0.0616262    0.0020537432
      27.8717    0.0648882    0.0025116554
      28.0410    0.0621043    0.0026587192
      28.2104    0.0653493    0.0030292815
      28.3797    0.0637687    0.0026989111
      28.5491    0.0624250    0.0051754070
      28.7185    0.0616490    0.0028463311
      28.8878    0.0645103    0.0023067154
      29.0572    0.0654406    0.0024412959
      29.2265    0.0652129    0.0026442287
      29.3959    0.0652697    0.0026142627
      29.5652    0.0641735    0.0071760025
      29.7346    0.0650541    0.0068535660
      29.9039    0.0683640    0.0023235113
      30.0733    0.0681328    0.0023302755
      30.2426    0.0682039    0.0027618913
      30.4120    0.0705141    0.0031867253
      30.5813    0.0653561    0.0035457502
      30.7507    0.0694594    0.0036161775
      30.9200    0.0699604    0.0039487961
      31.0894    0.0744462    0.0039369664
      31.2588    0.0748859    0.0037614845
      31.4281    0.0697466    0.0034679349
      31.5975    0.0670182    0.0048768646
      31.7668    0.0693803    0.0040107872
      31.9362    0.0720497    0.0038436933
      32.1055    0.0745956    0.0040865364
      32.2749    0.0775544    0.0046649165
      32.4442    0.0788568    0.0063070450
      32.6136    0.0806223     0.014273446
      32.7829    0.0734054    0.0063551241
      32.9523    0.0768995    0.0057619158
      33.1217    0.0819006    0.0059444155
      33.2910    0.0811447    0.0059469566
      33.4604    0.0828533    0.0067953402
      33.6297    0.0721422    0.0069324644
      33.7991    0.0730332    0.0069218846
      33.9684    0.0781810    0.0078903046
      34.1378    0.0840820    0.0079691643
      34.3071    0.0808464    0.0083953198
      34.4765    0.0798234    0.0094729150
      34.6458    0.0739703     0.010868845
      34.8152    0.0731535     0.011008070
      34.9845    0.0686248     0.011933458
      71.4000     0.168987    0.0037020296
      100.000     0.124917    0.0089283780
      160.000    0.0468620    0.0089283780
